-44.72575079690925 0.09767348789853614
-44.026778803940154 0.10110268036261338
-43.327808616759604 0.10387637158158469
-42.62883842957906 0.10665006280055422
-41.929866436609956 0.11007925526463325
-41.23085110471556 0.12924047761130986
-41.36990719532404 0.7489540548204818
-40.78176617841172 0.8698080876067742
-40.56023737936135 0.6506954117533219
-40.531812297569964 0.15692321614439386
-40.87800363283771 1.3511706416123452
-41.117572651100915 1.6050372248356837
-41.62777777200906 1.9358176968809886
-41.486984875532784 2.2989582667046555
-41.94868850778901 2.2637046513115457
-42.2942490851277 2.6297363539625387
-42.83994052890933 2.76515183569877
-43.4181124907689 3.003423829612787
-43.51500388142325 3.511702745489117
-43.51407931768359 3.847319382984537
-43.51315475394393 4.182936020479959
-43.51223019020427 4.518552657975379
-43.51130562646462 4.8541692954708004
-43.51038106272496 5.18978593296622
-43.5094564989853 5.525402570461642
-43.50853193524565 5.861019207957062
-43.498511975717115 6.3267219636221945
-43.5058160292604 6.846893080599861
-43.48348203642432 7.025276097119896
-43.48255747268466 7.360892734615317
-43.48163290894501 7.696509372110738
-43.48070834520535 8.03212600960616
-43.47978378146569 8.36774264710158
-43.45710307722724 8.671981902682397
-43.45623629872131 8.986622500334354
-43.45531173498165 9.322239137829776
-43.454387171242 9.657855775325196
-43.45346260750234 9.993472412820616
-43.45253804376268 10.329089050316037
-43.45161348002303 10.664705687811459
-43.45068891628337 11.000322325306879
-43.25669040343542 11.647846318898896
-42.923774262529584 11.977788446442174
-43.185101561485425 12.26225552121554
-43.32816866321591 12.78133212659948
-42.9567600001163 13.218726340762794
-42.69255190296785 13.739720634660937
-42.10994689437077 14.02943691787737
-41.4106047147481 14.167243865588638
-40.71145033713504 14.23687868380865
-40.02911624629264 14.460372864528612
-39.704674461979494 14.969127748251179
-39.312590816399954 14.576076200006687
-39.005740390570026 14.958791414567983
-38.77125674039917 14.620904298930645
-40.40364464916004 14.966354057032207
-41.102614836340585 14.963580365813238
-41.80158502352113 14.960806674594266
-42.50055521070168 14.958032983375297
-43.199525397882226 14.955259292156327
-43.89849558506277 14.952485600937356
-44.59746757803187 14.949056408473277
