0 -40
-1 -40
-2 -40
-3 -40
-4 -40
-5 -40
-6 -40
-7 -40
-8 -40
-9 -40
-10 -40
-11 -40
-12 -40
-13 -40
-14 -40
-15 -40
-16 -40
-17 -40
-18 -40
-19 -40
-20 -40
-21 -40
-22 -40
-23 -40
-24 -40
-25 -40
-26 -40
-27 -40
-28 -40
-29 -40
-30 -40
-31 -40
-32 -40
-33 -40
-34 -40
-35 -40
-36 -40
-37 -40
-38 -40
-39 -40
-40 -40
-41 -40
-42 -40
-43 -40
-44 -40
-45 -40
-46 -40
-47 -40
-48 -40
-49 -40
-50 -40
-51 -40
-52 -40
-53 -40
-54 -40
-55 -40
-56 -40
-57 -40
-58 -40
-59 -40
-60 -40
-60.9999 -39.9875
-61.9992 -39.95
-62.9972 -39.8876
-63.9933 -39.8002
-64.987 -39.6879
-65.9775 -39.5508
-66.9643 -39.3891
-67.9468 -39.2027
-68.9243 -38.9918
-69.8962 -38.7565
-70.8619 -38.497
-71.8208 -38.2135
-72.7724 -37.906
-73.7159 -37.5749
-74.6509 -37.2203
-75.5767 -36.8424
-76.4928 -36.4415
-77.3986 -36.0179
-78.2935 -35.5717
-79.177 -35.1033
-80.0485 -34.613
-80.9075 -34.101
-81.7534 -33.5677
-82.5857 -33.0134
-83.4039 -32.4385
-84.2075 -31.8434
-84.9959 -31.2283
-85.7687 -30.5937
-86.5254 -29.94
-87.2655 -29.2676
-87.9886 -28.5768
-88.6942 -27.8683
-89.3819 -27.1423
-90.0512 -26.3993
-90.7017 -25.6399
-91.3331 -24.8644
-91.9448 -24.0734
-92.5366 -23.2673
-93.1081 -22.4467
-93.6588 -21.6121
-94.1886 -20.764
-94.6969 -19.9029
-95.1836 -19.0293
-95.6483 -18.1439
-96.0907 -17.2471
-96.5105 -16.3395
-96.9076 -15.4217
-97.2816 -14.4943
-97.6322 -13.5579
-97.9594 -12.6129
-98.2628 -11.6601
-98.5423 -10.7
-98.7977 -9.73318
-99.0289 -8.76029
-99.2357 -7.78194
-99.418 -6.79872
-99.5756 -5.81124
-99.7085 -4.82014
-99.8166 -3.82603
-99.8998 -2.82952
-99.9581 -1.83125
-99.9913 -0.831828
-100 0
-100 1
-100 2
-100 3
-100 4
-100 5
-100 6
-100 7
-100 8
-100 9
-100 10
-100 11
-100 12
-100 13
-100 14
-100 15
-100 16
-100 17
-100 18
-100 19
-100 20
-100 21
-100 22
-100 23
-100 24
-100 25
-100 26
-100 27
-100 28
-100 29
-100 30
-100 31
-100 32
-100 33
-100 34
-100 35
-100 36
-100 37
-100 38
-100 39
-100 40
-100 41
-100 42
-100 43
-100 44
-100 45
-100 46
-100 47
-100 48
-100 49
-100 50
-100 51
-100 52
-100 53
-100 54
-100 55
-100 56
-100 57
-100 58
-100 59
-100 60
-100 61
-100 62
-100 63
-100 64
-100 65
-100 66
-100 67
-100 68
-100 69
-100 70
-100 71
-100 72
-100 73
-100 74
-100 75
-100 76
-100 77
-100 78
-100 79
-100 80
-99.9829 81.16794
-99.9413 82.16705
-99.8746 83.1648
-99.783 84.16057
-99.6666 85.15374
-99.5254 86.14369
-99.3594 87.1298
-99.1689 88.11145
-98.9539 89.08804
-98.7146 90.0589
-98.451 91.0236
-98.1634 91.9813
-97.852 92.9315
-97.5169 93.8737
-97.1584 94.8072
-96.7767 95.7314
-96.3719 96.6458
-95.9445 97.5498
-95.4945 98.4429
-95.0224 99.3244
-94.5284 100.1938
-94.0128 101.0506
-93.476 101.8943
-92.9182 102.7243
-92.3399 103.54
-91.7413 104.3411
-91.1229 105.1269
-90.4851 105.8971
-89.8282 106.651
-89.1527 107.3883
-88.4589 108.1085
-87.7474 108.8111
-87.0185 109.4958
-86.2728 110.1619
-85.5106 110.8093
-84.7325 111.4373
-83.9389 112.0458
-83.1303 112.6342
-82.3073 113.2022
-81.4704 113.7494
-80.62 114.2756
-79.7568 114.7803
-78.8812 115.2633
-77.9938 115.7243
-77.0952 116.1629
-76.1858 116.5789
-75.2664 116.9721
-74.3374 117.3422
-73.3995 117.6889
-72.4531 118.0121
-71.4991 118.3115
-70.5378 118.587
-69.5699 118.8383
-68.596 119.0654
-67.6168 119.2681
-66.6328 119.4462
-65.6447 119.5997
-64.653 119.7284
-63.6585 119.8323
-62.6616 119.9114
-61.6631 119.9654
-60.6636 119.9945
-60.1681 119.9996
-59.1682 119.9913
-58.1688 119.9581
-57.1705 119.8998
-56.1740 119.8166
-55.1799 119.7085
-54.1888 119.5756
-53.2013 119.4180
-52.2181 119.2357
-51.2397 119.0289
-50.2668 118.7977
-49.3000 118.5423
-48.3399 118.2628
-47.3871 117.9594
-46.4421 117.6322
-45.5057 117.2816
-44.5783 116.9076
-43.6605 116.5105
-42.7529 116.0907
-41.8561 115.6483
-40.9707 115.1836
-40.0971 114.6969
-39.2360 114.1886
-38.3879 113.6588
-37.5533 113.1081
-36.7327 112.5366
-35.9266 111.9448
-35.1356 111.3331
-34.3601 110.7017
-33.6007 110.0512
-32.8577 109.3819
-32.1317 108.6942
-31.4232 107.9886
-30.7324 107.2655
-30.0600 106.5254
-29.4063 105.7687
-28.7717 104.9959
-28.1566 104.2075
-27.5615 103.4039
-26.9866 102.5857
-26.4323 101.7534
-25.8990 100.9075
-25.3870 100.0485
-24.8967 99.1770
-24.4283 98.2935
-23.9821 97.3986
-23.5585 96.4928
-23.1576 95.5767
-22.7797 94.6509
-22.4251 93.7159
-22.0940 92.7724
-21.7865 91.8208
-21.5030 90.8619
-21.2435 89.8962
-21.0082 88.9243
-20.7973 87.9468
-20.6109 86.9643
-20.4492 85.9775
-20.3121 84.9870
-20.1998 83.9933
-20.1124 82.9972
-20.0500 81.9992
-20.0125 80.9999
-19.9913 79.1682
-19.9581 78.1688
-19.8998 77.1705
-19.8166 76.1740
-19.7085 75.1799
-19.5756 74.1888
-19.4180 73.2013
-19.2357 72.2181
-19.0289 71.2397
-18.7977 70.2668
-18.5423 69.3000
-18.2628 68.3399
-17.9594 67.3871
-17.6322 66.4421
-17.2816 65.5057
-16.9076 64.5783
-16.5105 63.6605
-16.0907 62.7529
-15.6483 61.8561
-15.1836 60.9707
-14.6969 60.0971
-14.1886 59.2360
-13.6588 58.3879
-13.1081 57.5533
-12.5366 56.7327
-11.9448 55.9266
-11.3331 55.1356
-10.7017 54.3601
-10.0512 53.6007
-9.3819 52.8577
-8.6942 52.1317
-7.9886 51.4232
-7.2655 50.7324
-6.5254 50.0600
-5.7687 49.4063
-4.9959 48.7717
-4.2075 48.1566
-3.4039 47.5615
-2.5857 46.9866
-1.7534 46.4323
-0.9075 45.8990
-0.0485 45.3870
0.8230 44.8967
1.7065 44.4283
2.6014 43.9821
3.5072 43.5585
4.4233 43.1576
5.3491 42.7797
6.2841 42.4251
7.2276 42.0940
8.1792 41.7865
9.1381 41.5030
10.1038 41.2435
11.0757 41.0082
12.0532 40.7973
13.0357 40.6109
14.0225 40.4492
15.0130 40.3121
16.0067 40.1998
17.0028 40.1124
18.0008 40.0500
19.0001 40.0125
20 40
21 40
22 40
23 40
24 40
25 40
26 40
27 40
28 40
29 40
30 40
31 40
32 40
33 40
34 40
35 40
36 40
37 40
38 40
39 40
40 40
41 40
42 40
43 40
44 40
45 40
46 40
47 40
48 40
49 40
50 40
51 40
52 40
53 40
54 40
55 40
56 40
57 40
58 40
59 40
60 40
60.9999 39.9875
61.9992 39.95
62.9972 39.8876
63.9933 39.8002
64.987 39.6879
65.9775 39.5508
66.9643 39.3891
67.9468 39.2027
68.9243 38.9918
69.8962 38.7565
70.8619 38.497
71.8208 38.2135
72.7724 37.906
73.7159 37.5749
74.6509 37.2203
75.5767 36.8424
76.4928 36.4415
77.3986 36.0179
78.2935 35.5717
79.177 35.1033
80.0485 34.613
80.9075 34.101
81.7534 33.5677
82.5857 33.0134
83.4039 32.4385
84.2075 31.8434
84.9959 31.2283
85.7687 30.5937
86.5254 29.94
87.2655 29.2676
87.9886 28.5768
88.6942 27.8683
89.3819 27.1423
90.0512 26.3993
90.7017 25.6399
91.3331 24.8644
91.9448 24.0734
92.5366 23.2673
93.1081 22.4467
93.6588 21.6121
94.1886 20.764
94.6969 19.9029
95.1836 19.0293
95.6483 18.1439
96.0907 17.2471
96.5105 16.3395
96.9076 15.4217
97.2816 14.4943
97.6322 13.5579
97.9594 12.6129
98.2628 11.6601
98.5423 10.7
98.7977 9.73318
99.0289 8.76029
99.2357 7.78194
99.418 6.79872
99.5756 5.81124
99.7085 4.82014
99.8166 3.82603
99.8998 2.82952
99.9581 1.83125
99.9913 0.831828
99.9996 -0.16811
99.9829 -1.16794
99.9413 -2.16705
99.8746 -3.1648
99.783 -4.16057
99.6666 -5.15374
99.5254 -6.14369
99.3594 -7.1298
99.1689 -8.11145
98.9539 -9.08804
98.7146 -10.0589
98.451 -11.0236
98.1634 -11.9813
97.852 -12.9315
97.5169 -13.8737
97.1584 -14.8072
96.7767 -15.7314
96.3719 -16.6458
95.9445 -17.5498
95.4945 -18.4429
95.0224 -19.3244
94.5284 -20.1938
94.0128 -21.0506
93.476 -21.8943
92.9182 -22.7243
92.3399 -23.54
91.7413 -24.3411
91.1229 -25.1269
90.4851 -25.8971
89.8282 -26.651
89.1527 -27.3883
88.4589 -28.1085
87.7474 -28.8111
87.0185 -29.4958
86.2728 -30.1619
85.5106 -30.8093
84.7325 -31.4373
83.9389 -32.0458
83.1303 -32.6342
82.3073 -33.2022
81.4704 -33.7494
80.62 -34.2756
79.7568 -34.7803
78.8812 -35.2633
77.9938 -35.7243
77.0952 -36.1629
76.1858 -36.5789
75.2664 -36.9721
74.3374 -37.3422
73.3995 -37.6889
72.4531 -38.0121
71.4991 -38.3115
70.5378 -38.587
69.5699 -38.8383
68.596 -39.0654
67.6168 -39.2681
66.6328 -39.4462
65.6447 -39.5997
64.653 -39.7284
63.6585 -39.8323
62.6616 -39.9114
61.6631 -39.9654
60.6636 -39.9945
60 -40
59 -40
58 -40
57 -40
56 -40
55 -40
54 -40
53 -40
52 -40
51 -40
50 -40
49 -40
48 -40
47 -40
46 -40
45 -40
44 -40
43 -40
42 -40
41 -40
40 -40
39 -40
38 -40
37 -40
36 -40
35 -40
34 -40
33 -40
32 -40
31 -40
30 -40
29 -40
28 -40
27 -40
26 -40
25 -40
24 -40
23 -40
22 -40
21 -40
20 -40
19 -40
18 -40
17 -40
16 -40
15 -40
14 -40
13 -40
12 -40
11 -40
10 -40
9 -40
8 -40
7 -40
6 -40
5 -40
4 -40
3 -40
2 -40
1 -40